""	Acidaminococcus	Akkermansia	Alistipes	Bacteroides	Bifidobacterium	Butyricimonas	Collinsella	Desulfovibrio	Eubacterium	Holdemania	Klebsiella	Lachnospira	Lactobacillus	Methanobrevibacter	Odoribacter	Oscillospira	Parabacteroides	Phascolarctobacterium	Prevotella	Proteus	Sutterella	Turicibacter	missing	ncells
NK	0.122445573149977	0.330683698448918	0.0527622303416143	0.0559102670984141	0.175644728163169	0.0398746572235666	0.031546931790703	0.0306939175904257	0.158591822143283	0.037030633161953	0.00889785070618958	0.067183901343524	0.0647843603299962	0.137795228788359	0.26887643650869	0.0489602226455996	0.0342973510415813	0.0886702191036253	0.122333117495684	0.286728293591877	0.241969969072891	0.013825551407468	0	36556
CD14 Monocyte	0.284992085802546	0.199933670285397	0.304505486903309	0.513925208331135	0.543814709015583	0.747853569894283	0.463014347295856	0.58658920322896	0.0594674483362868	0.461983864579869	0.320747842728404	0.422602738675807	0.526876423340158	0.293954011337745	0.102664111249922	0.109517754833866	0.59756474159868	0.334666782477591	0.142234575387455	0.263413588319404	0.283703986917334	0.270254550426773	0	42951
CD8m T	0.160159238216667	0.183272663381569	0.138041949350399	0.092090195062937	0.0891821683286526	0.0316028168752391	0.0778453972869397	0.0432432939476977	0.370189672858492	0.0610109445833003	0.0750807271591138	0.109444804775162	0.0570355091265592	0.161266008222034	0.331309510376848	0.203854321041772	0.0462216370343131	0.0789000162983131	0.0837869847462401	0.108867085047159	0.159310968295677	0.0199790079170837	0	39242
IgA PB	0.0170722359070934	0.0047379274075108	0.0138535389534487	0.0252279360531967	0.0113216153207504	0.00696338111533543	0.0140209609258473	0.00959354597830684	0.0108778517510851	0.0116945963891009	0.00410530880200998	0.00988300674607579	0.0126701440095923	0.00666354704996001	0.013875277113874	0.0107699999656766	0.0173092962671002	0.0103412624226913	0.0177024900109339	0.0167463160492076	0.0125992089597833	0.08388573049944	0	1329
CD4n T	0.0825169971021112	0.0535207016987496	0.142147356412719	0.0586105376937048	0.034399650691163	0.0138657785664466	0.0762460159553901	0.0468328914208548	0.127375853440374	0.0466562887812136	0.246121321684053	0.0202579102063067	0.0368783652476311	0.0351800034580925	0.0828125133883832	0.341858352236039	0.0239628315482306	0.0207220017395089	0.0675722467598872	0.0252792337574052	0.0521307361019901	0.0154060638563757	0	21062
CD16 Monocyte	0.0476828238653308	0.0158016477398949	0.147932663627787	0.0596218646780613	0.0141870160927849	0.0364660748732252	0.0288348655790849	0.0769555493193628	0.00570149968710947	0.0189629138159993	0.0732513607412906	0.0317714528420166	0.0232778902087853	0.0109748565281781	0.0066748953633174	0.00896046367375581	0.0373269772532488	0.338493823146337	0.0252011804211541	0.0279497805479371	0.0245502933740305	0.00941210765984375	0	6069
gd T	0.0318031770550715	0.0411052773773154	0.020694862184558	0.0151873705917235	0.0165163056654336	0.0012106725401711	0.00679565964100087	0.00485585517517356	0.0798827957555485	0.00848087689426751	0.00832706246169744	0.0186733646698838	0.0122129359050776	0.0336493636400871	0.0324004998380767	0.0339145083038806	0.00407333180186691	0.00734378851720725	0.0100249041370708	0.0107101844806484	0.0230814185551149	0.00103377163291717	0	3603
B	0.0250726501589198	0.0118686534553822	0.0516185343297763	0.0471474750197009	0.0312119459870117	0.012160381533858	0.0170535013096827	0.0870250004577418	0.0751670982968669	0.00976484519714329	0.125942702274738	0.0567594028954715	0.0699356915648428	0.0127236158768118	0.0360988422785998	0.115019928227894	0.0279577311774102	0.0138169287249605	0.45112518340112	0.0248740217968065	0.0463341468058599	0.380923649844408	0	16459
DC	0.0914076555581576	0.00329872723774792	0.00962157201425271	0.0234059774200288	0.0150970746011646	0.0340849128894347	0.0105752311195491	0.0326223840142321	0.00893163691691975	0.0149149932759087	0.263763123879817	0.0604507822711572	0.0145712231532552	0.00780801588904491	0.0027273010300694	0.0062905505597894	0.00509929310499605	0.0219531005242041	0.0175623207625615	0.00945451294261492	0.00912366050664764	0.511103658847668	0	1402
CD8eff T	0.0125258697361057	0.018278803762176	0.0165230933164276	0.0237548033687792	0.00689788874651444	0.00494760250783433	0.00937558151629024	0.00597864194587114	0.0142358725592236	0.00995520511472543	0.00312368440230916	0.0203230524201337	0.00460076231257929	0.0461028591320788	0.0148043168939194	0.00729043656439999	0.0046603378826333	0.027932168755939	0.0128550212229124	0.0062218970644527	0.00852737256877547	0.00680279424989617	0	694
IgG PB	0.0137516890717436	0.00447879855986796	0.0185826609794954	0.0183734730337996	0.00903196162066245	0.0117665196506682	0.0136764176866594	0.00607854221394607	0.00689624942941872	0.00229623068714613	0.000473695825007633	0.00496065634229436	0.0108590309035891	0.0111661623383101	0.00966526905741484	0.0151262231600076	0.0177900442257174	0.0110186425153339	0.015902515998948	0.0139932225523952	0.0207020492559016	0.147807305254185	0	319
Neutrophil	0.148954837978804	0.139744622481191	0.0399255815597982	0.0632821735870458	0.0656593641745761	0.00962439288332852	0.211027635246459	0.0989507656554226	0.0237017157965649	0.305751157861203	0.0329222857288201	0.189367943842886	0.115697800954394	0.250220018206848	0.0634447959360107	0.0316743238071633	0.19043728274741	0.115054455036093	0.0400278451312104	0.215760261285319	0.117379061691595	0.0483569595735993	0	26083
Class-switched B	0.0159799934767234	0.0187913765266468	0.0110814331408221	0.0198607327904502	0.0107213645447031	0.00044483050669314	0.00545392037398311	0.00688198904333639	0.0046476650806018	0.00533118512747174	0	0.0209009309570162	0.00764281195264996	0.0191792470294341	3.79733359372192e-05	0.00274153923561031	0.00768621005086393	0.00812493769999573	0.00455205364547416	0.00678637760820875	0.00505045367965016	0.0659895207154719	0	141
CD4m T	0.062137877797747	0.02709381878293	0.0847931670170993	0.0508183763281878	0.0146007612725581	0.0102230091456717	0.0487639175980846	0.0163697289130148	0.076957930132228	0.0280203600711488	0.0271436399947366	0.047274019070864	0.023419448890784	0.0444167207537735	0.0646016033472748	0.0871082802594923	0.027374090860047	0.0238916954961588	0.026998562550698	0.016218766199528	0.0273964104668222	0.00752951749488879	0	8855
pDC	0.00266325472817286	8.43961139570472e-05	0.000269339619744323	0.0168505599602542	0.00182190964065227	0.0115091503813635	0.00236365989776469	0.0141898075427378	0.00648519303165628	0.00100399528018714	0.134415825340536	0.0473495184303142	0.274626319712953	0.00785896158202449	0.00792766138368225	0.00473573665864638	0.00729673787408691	0.0371739858874229	0.034417918182176	0.0107582297016541	0.00178107648039542	0.316356217115941	0	871
SC & Eosinophil	0.07556691201992	0.0296195621065669	0.119974797983191	0.1099608202379	0.028023817967693	0.29265865993574	0.108949155374617	0.0268678264860802	0.0539956566558456	0.0625958568790604	0.0148506576121293	0.0501241910172383	0.0853187883109105	0.0665916304106973	0.0419558318592499	0.0606153216730452	0.018918174898808	0.0706367315199445	0.0620246639086777	0.0536585149498222	0.0916613078616831	0.0806799581812425	0	1726
Activated Granulocyte	0.00399641618443719	0.00389869255388424	0.00655367179454022	0.0192828674219158	0.00763537447639808	0.00246461213047675	0.0166644652679318	0.00165391240896139	5.87450179883526e-05	0.00144211629850967	0.000103912178045435	0.00840423222755382	0.00231220760267678	0.00459347246789114	0.00352396214825728	0.00527504398948871	0.0169282636505965	0.00713622655625805	0.0127529337871602	0.00707609604256243	0.000900941675249043	0.00228181906349727	0	1084
Platelet	0.0127072939789278	0.00749507586077527	0.02042959485835	0.0201145584162105	0.0218476576282844	0.00782710034397194	0.01092921234828	0.00580488540968137	0.14133372233023	0.0073931476144324	0.00800463733642829	0.0223020279095171	0.00534477269203505	0.0139514087791644	0.021995844390182	0.0140300482556073	0.00649517412024279	0.00587419342695206	0.00491161752310852	0.00383283703794921	0.00886991084548444	0.00554200943163279	0	1267
CD4 T	0.00165361813143645	0.00411700200446119	0.0306197867173477	0.00234491198578005	0.00673710132131488	0	0.000663026877737844	0.00564757564949614	0.0202545358105181	0.00176169774787021	0.0532267169486298	0.00305532761841577	0.00718438465701765	0.00230708412002823	0.00763042092022311	0.0555437776486365	0.00359946691807648	0	0.00283085456889951	0.00507891059072161	0.00255026325700418	0	0	231
RBC	0.0137175074646628	0.0141444496230245	0.0224125674784735	0.0112744579844174	0.010622593900354	0.00691327796179179	0.0100758349373366	0.00761094543193882	0.0270855745268867	0.00899156868862327	0.0177477504394926	0.0119555937688588	0.00566672819284864	0.0122942658255628	0.0140018827921684	0.0503990430428979	0.00784951737336084	0.00631935061111879	0.0094765992472168	0.0152573809047503	0.0114543348582423	0.00944550754474286	0	646
